tinyos-main-apps-BaseStation.ihex,3112,5856,376,1872,3352,1236,244,88,2044,7812,784,2724,40,320,1248,
nonbeacon-enabled-TestActiveScan-coordinator.ihex,1784,564,9712,276,4344,2128,2164,524,2732,2276,2824,724,2012,168,1048,
tinyos-main-apps-Blink.ihex,4724,2636,992,2364,1644,5700,2316,3756,300,4792,2876,8168,1664,1520,316,
apps-MOE-MOE-BaseStation.ihex,280,1216,1116,1688,2484,176,184,1744,184,4036,348,796,3524,8200,1328,
apps-MOE-MOE-Attack_replay.ihex,500,1380,716,1112,24,2120,444,1876,4380,1524,4052,9456,172,88,1188,
apps-MOE-MOE-BroadCast.ihex,1572,1688,4916,52,2536,1124,940,2468,196,1220,4844,1060,1564,2120,3132,
tinyos-main-apps-MultihopOscilloscope.ihex,1164,240,3116,2696,1456,392,1208,760,608,256,624,68,716,916,1480,
tinyos-main-apps-MultihopOscilloscopeLqi.ihex,1092,728,2780,2036,1636,604,1048,192,284,5436,60,3440,408,3420,412,
tinyos-main-apps-Null.ihex,92,492,4588,380,3088,5112,168,3652,116,1416,4084,2316,28,15528,1332,
tinyos-main-apps-Oscilloscope.ihex,728,540,4480,344,632,360,480,1324,332,3180,752,5064,4392,5228,240,
tinyos-main-apps-Powerup.ihex,2372,564,20,1648,6076,11624,1516,3660,556,3944,212,2152,1144,5240,3336,
tinyos-main-apps-PPPSniffer.ihex,2408,1424,188,4740,1648,1408,2580,788,3812,2048,1036,456,1228,1216,1312,
tinyos-main-apps-Sense.ihex,396,388,2464,6632,1404,2108,496,2148,3728,1984,884,3004,4024,7144,2640,
L1-Secure-Coordinator-src.ihex,828,2924,800,620,1404,64,2336,920,3584,212,3504,6312,1564,212,140,
L1-Secure-End-Device-src.ihex,4076,1312,2296,500,2392,876,3300,3716,412,1268,96,884,2288,832,3580,
IEEE802154-Coordinator-src.ihex,1596,324,4412,236,4220,208,876,236,920,392,540,172,1636,2572,844,
IEEE802154-End-Device-src.ihex,900,984,4704,224,2088,308,52,1732,1616,1496,3244,1256,872,2104,1384,
tinyos-main-apps-TCPEcho.ihex,1036,384,60,408,480,200,232,1892,384,1152,1164,16,916,1832,1288,
tests-TestFtsp-FtspLplBeaconer.ihex,564,2640,404,2040,1472,844,784,188,456,1244,9376,672,848,3644,4348,
tests-TestFtsp-FtspLpl.ihex,1204,2376,2648,452,284,4564,328,336,3704,3928,532,328,2336,3512,248,
apps-tests-TestTimerSync.ihex,5460,2088,1500,384,4824,2044,3188,536,2072,40,4380,2180,2004,284,5056,
apps-tests-LinkBench.ihex,912,2740,1184,3404,412,1048,2164,296,104,4868,220,744,1680,2204,3976,
apps-tests-TestPowerup.ihex,1800,944,3352,2560,3704,68,2152,1892,7656,5088,800,864,2344,5572,2332,
apps-tests-TestEui.ihex,2040,792,6188,7312,240,232,1324,1504,3404,460,940,888,752,5348,132,
apps-tests-TestScheduler.ihex,148,1692,3296,1196,6232,84,7652,872,4988,1040,48,340,3488,912,3532,
apps-tests-TestLocalTime.ihex,3084,1140,2092,1932,3716,4232,576,5508,4336,3028,2256,5296,2060,3060,332,
apps-tests-TestSrp.ihex,1144,1728,76,1276,3292,2756,276,1844,192,200,4576,644,676,1256,2484,
cc2420-TestSecurity-RadioCountToLeds1.ihex,488,684,2836,244,2608,1692,780,1696,3676,3904,4268,2176,2032,2496,588,
cc2420-TestSecurity-BaseStation.ihex,1456,172,424,3484,1200,2640,1312,5740,2800,92,4280,4692,1364,816,928,
tests-cc2420-LplUnicastPeriodicDelivery.ihex,1896,704,432,756,20,100,3064,3620,696,2784,1012,1876,236,304,13176,
tests-cc2420-TestAcks.ihex,5128,1496,6700,2084,1044,2420,3196,520,492,3584,228,1392,608,520,2020,
tests-cc2420-LplBroadcastPeriodicDelivery.ihex,176,5504,2460,280,640,2584,612,1292,3252,5016,484,1708,3468,2732,904,
tests-tkn154-packetsniffer.ihex,1204,3376,864,708,2628,92,1308,4992,840,888,3916,2732,856,480,2568,
beacon-enabled-TestIndirect-coordinator.ihex,4628,1684,548,168,996,1032,2196,868,3100,84,3732,500,276,2024,2148,
beacon-enabled-TestIndirect-device.ihex,800,324,824,192,236,196,1284,996,820,4184,148,5168,3976,612,1364,
beacon-enabled-TestData-coordinator.ihex,1796,1588,2984,776,2112,464,4604,1916,2092,148,272,88,2196,516,2076,
beacon-enabled-TestData-device.ihex,2800,2552,3336,1580,512,1160,708,1456,1420,2448,80,304,600,1256,232,
beacon-enabled-TestMultihop-router.ihex,1036,836,156,1948,1104,2916,1260,852,20,760,788,52,340,1352,1992,
beacon-enabled-TestMultihop-device.ihex,760,696,3244,952,464,1036,1848,3116,1720,2160,2912,1728,176,108,864,
beacon-enabled-TestMultihop-pancoord.ihex,476,844,1000,1636,876,956,1980,1488,244,188,492,1632,312,4200,1396,
beacon-enabled-TestAssociate-coordinator.ihex,2900,2780,380,1888,1460,444,540,2740,276,1040,3236,48,196,3404,1576,
beacon-enabled-TestAssociate-device.ihex,808,1604,172,2000,3768,1780,2904,344,2664,1012,3948,680,512,376,556,
beacon-enabled-TestGTS-coordinator.ihex,4736,140,1192,336,444,144,116,316,184,1540,236,1272,2148,688,388,
beacon-enabled-TestGTS-device.ihex,1800,696,336,1312,1836,1892,2572,1100,2040,80,1848,3068,1624,920,2180,
beacon-enabled-TestStartSync-coordinator.ihex,2988,1112,252,116,1452,3432,528,1036,760,1600,1336,2844,4244,860,2768,
beacon-enabled-TestStartSync-device.ihex,1292,4096,1292,160,48,232,2864,16,1300,6472,1316,2936,3736,1000,356,
nonbeacon-enabled-TestActiveScan-coordinator.ihex,3736,244,988,104,496,1644,676,5920,1188,608,160,1956,704,372,516,
nonbeacon-enabled-TestActiveScan-device.ihex,1964,2176,1240,1288,52,1168,6444,1648,352,5236,3292,1460,508,120,564,
nonbeacon-enabled-TestAssociate-coordinator.ihex,2460,120,1720,348,716,488,1120,3716,1652,1220,5240,720,48,1060,5880,
nonbeacon-enabled-TestAssociate-device.ihex,2192,888,6752,792,80,5380,1188,1616,532,364,592,880,1312,2308,616,
nonbeacon-enabled-TestIndirectData-coordinator.ihex,620,292,496,2772,6216,1892,1268,1928,1500,48,1508,1496,836,512,2612,
nonbeacon-enabled-TestIndirectData-device.ihex,1872,1616,1964,2100,2636,696,1308,832,876,1432,204,1788,248,5604,5512,
tkn154-nonbeacon-enabled-TestPromiscuous.ihex,1540,224,904,2444,2948,800,492,188,5592,1016,1048,580,4304,1016,1376,
apps-tests-TestNetwork.ihex,2088,404,1968,2052,2784,1648,100,1228,2088,1076,432,836,776,340,1892,
apps-tests-TestPowerManager.ihex,264,480,5880,4008,2896,2296,2180,4724,328,624,6272,408,2388,3652,556,
tests-storage-CircularLog.ihex,2364,1300,4860,6736,4000,60,3924,2276,1952,2764,1132,16,268,924,816,
tests-storage-Log.ihex,752,2716,2500,348,48,2920,708,756,2716,844,5700,1052,120,4016,7624,
tests-storage-Config.ihex,1556,1436,300,7928,1536,620,5324,5252,564,12,4228,976,48,3680,792,
tests-storage-Block.ihex,3192,1020,228,264,4932,180,1396,2736,3164,6216,6932,556,740,1080,1276,
tests-storage-SyncLog.ihex,4004,976,1348,1732,2228,228,1316,1084,1436,820,252,1320,816,3800,11344,
tests-telosb-TestUserButton.ihex,4912,1676,1868,1400,4548,4776,3976,700,1488,4648,2084,1760,3852,204,1664,
tests-TestLed-MultiLedSingle.ihex,1780,3772,1100,14004,1692,3208,1532,2092,584,4884,1700,828,532,184,888,
tests-TestLed-LedColor.ihex,212,6908,400,924,524,604,1200,1600,632,556,928,2440,552,504,11508,
tests-TestLed-MultiLed.ihex,7236,924,540,1760,444,2240,1856,2596,6560,2024,340,2272,2232,3152,524,
tests-TestLed-BlinkLed.ihex,496,5008,2604,168,2908,236,2604,2784,1692,3220,7024,2744,452,5516,4808,
apps-tests-RadioStress.ihex,3644,1316,740,10144,388,540,928,440,3256,1880,608,40,4392,3796,1792,
apps-tests-TestNetworkLpl.ihex,676,156,4240,2172,2532,1816,388,1284,468,1032,1640,808,640,1780,892,
tests-deluge-Blink.ihex,2676,492,152,584,3472,1564,1368,668,3820,1504,624,36,312,3324,2400,
tests-deluge-Basestation.ihex,1288,936,544,3736,1076,1164,1768,2396,1324,680,272,1212,1304,292,404,
tests-deluge-GoldenImage.ihex,176,672,120,772,416,2400,484,1280,12,1760,244,544,2336,36,1304,
tests-deluge-SerialBlink.ihex,624,356,2420,3176,4808,332,2892,1716,60,76,16,84,596,1252,1448,
apps-tests-TestPrintf.ihex,2584,344,5916,8896,416,2320,3576,260,148,168,832,12,3728,3352,1220,
tests-arbiters-TestFcfsArbiter.ihex,188,5828,252,1340,428,1004,1884,1728,4260,1316,3156,2100,7256,5004,552,
tests-arbiters-TestRoundRobinArbiter.ihex,4020,7964,3944,4436,3276,1528,1460,1684,196,928,1640,1088,1328,360,3372,
apps-tests-TestAM.ihex,1892,1900,2360,4072,3216,364,3444,2296,2648,1212,1948,1516,24,1164,1304,
apps-tests-TestSerialPrintf.ihex,1440,484,10828,4284,332,2752,1264,700,4,4776,428,2880,948,304,4836,
apps-tests-TestLpl.ihex,4624,416,452,1384,7000,796,5588,2104,1804,2472,1288,3208,1788,820,388,
tests-msp430-AdcSimple.ihex,1020,8432,1016,164,308,5572,392,4272,180,1792,2284,7080,288,3024,372,
tests-msp430-Adc12.ihex,1108,2496,1780,2072,6164,2604,1304,3704,312,2056,5748,1476,2624,3812,712,
apps-tests-TestTymo.ihex,3548,388,20,2360,656,1528,1120,1592,408,260,2276,5564,812,2372,20,
apps-tests-TestAdc.ihex,5216,1308,752,480,1456,2260,2084,1200,596,2608,3228,1712,3172,7100,60,
apps-tutorials-PacketParrot.ihex,356,740,356,488,412,2276,1628,1608,792,6140,1260,360,996,1440,6296,
apps-tutorials-BlinkTask.ihex,932,6348,224,6256,1040,1168,7168,3468,1896,3036,52,3168,2480,4300,256,
tutorials-LowPowerSensing-Sampler.ihex,484,808,4816,1376,632,608,1516,1048,2272,2428,80,524,1416,376,512,
tutorials-LowPowerSensing-Base.ihex,3628,1808,640,2260,180,72,188,1328,2272,2068,1944,2968,4860,648,1528,
apps-tutorials-BlinkFail.ihex,572,440,2860,4216,7168,380,2244,448,596,3924,2340,8084,1432,3912,3876,
apps-tutorials-Printf.ihex,2068,140,1032,608,7212,4348,140,3716,696,52,5308,664,1184,1452,5232,
apps-tutorials-BlinkConfig.ihex,368,6176,1632,152,2564,1192,1232,232,300,500,3876,4648,792,5464,2696,
apps-tutorials-SharedResourceDemo.ihex,252,532,5960,5008,312,1088,1872,428,14832,2992,528,4140,1424,736,4408,
tutorials-RssiDemo-SendingMote.ihex,388,1152,1416,3324,2984,1608,852,3160,2608,1124,3924,4304,1164,668,5992,
tutorials-RssiDemo-RssiBase.ihex,5040,1596,1668,1560,2460,3368,3400,2380,1668,5576,228,1764,640,88,1364,
tutorials-RssiDemo-InterceptBase.ihex,144,1760,552,5264,1260,752,1668,2648,2224,1208,1748,2212,1792,4184,1652,
tinyos-main-apps-UDPEcho.ihex,484,32,112,404,32,4,72,120,656,76,576,56,448,576,636,
